[eu.jpg]
filters=finetune2=1,0.000000,0.000000,0.033684,00000000,0.000000;unsharp2=1,0.631579;
moddate=0000cce27fcc0000
width=940
height=360
textactive=0
